11111111111111111111111111111111111111111111
22222222222222222222222
333333333333323
24444444444
25555555555555
26666666666
27
28
2921
22
23
24
25
26
27
28
2921
22
23
24
25
26
27
28
2921
22
23
24
25
26
27
28
2921
22
23
24
25
26
27
28
2921
22
23
24
25
26
27
28
2921
22
23
24
25
26
27
28
2921
22
23
24
25
j:126
27
28
2921
22
23
24
25
26
27
28
2921
22
23
24
25
26
27
28
2921
22
23
24
25
26
27
28
2921
22
23
24
25
26
27
28
2921
22
23
24
25
26
27
28
2921
22
23
24
25
26
27
28
2921
22
23
24
25
26
27
28
2921
22
23
24
25
26
27
28
2921
22
23
24
25
26
27
28
2921
22
23
24
25
26
27
28
2921
22
23
24
25
26
27
28
2921
22
23
24
25
26
27
28
2921
22
23
24
25
26
27
28
29
